Starting training for 300 epochs - 
  epoch    train_loss     dur
-------  ------------  ------
      1        1.4408  3.4782
      2        1.4118  2.9709
      3        1.4207  3.3304
      4        1.3022  4.1232
      5        1.0872  5.0310
      6        1.0601  4.6898
      7        1.0106  4.4638
      8        0.9749  3.7828
      9        0.9604  3.4501
     10        0.9506  5.5887
     11        0.9264  3.5118
     12        0.9110  3.1663
     13        0.9008  3.4315
     14        0.8734  3.8966
     15        0.8511  3.6377
     16        0.8793  3.7443
     17        0.7708  3.6046
     18        0.7984  3.5160
     19        0.7889  3.1580
     20        0.7755  3.2008
     21        0.7366  3.1421
     22        0.7332  3.1258
     23        0.6986  3.1859
     24        0.6864  4.3454
     25        0.6555  3.8783
     26        0.6913  3.9006
     27        0.6689  4.3859
     28        0.6863  4.0691
     29        0.6612  3.1688
     30        0.6748  3.1227
     31        0.6084  3.4739
     32        0.6070  3.3187
     33        0.5995  3.5528
     34        0.5658  3.4788
     35        0.6159  3.1809
     36        0.6279  3.1355
     37        0.6115  3.1143
     38        0.6742  3.2786
     39        0.5891  3.1798
     40        0.5537  3.2383
     41        0.5638  3.2917
     42        0.5382  3.7177
     43        0.5733  3.1581
     44        0.5998  3.2197
     45        0.5251  3.1394
     46        0.5623  3.1235
     47        0.6068  3.1261
     48        0.5804  3.1434
     49        0.5188  3.2118
     50        0.5234  3.2276
     51        0.4886  3.2413
     52        0.5035  3.1383
     53        0.5802  3.1312
     54        0.4971  3.1280
     55        0.5268  3.3350
     56        0.4897  3.1337
     57        0.4858  3.1377
     58        0.5501  3.9458
     59        0.4807  3.6773
     60        0.4803  4.6077
     61        0.4380  3.8919
     62        0.4529  3.2367
     63        0.5011  3.3633
     64        0.4337  3.5780
     65        0.4872  3.8584
     66        0.4769  3.5736
     67        0.5118  3.2334
     68        0.4031  3.3243
     69        0.4003  3.2148
     70        0.4043  3.2024
     71        0.3742  3.7149
     72        0.4551  3.2100
     73        0.5113  3.1773
     74        0.3493  3.1217
     75        0.4170  3.1401
     76        0.4320  3.2529
     77        0.4147  3.1147
     78        0.3869  3.9651
     79        0.4048  3.5170
     80        0.3999  3.4182
     81        0.3709  3.2445
     82        0.4318  3.3178
     83        0.3210  3.2645
     84        0.4101  3.4492
     85        0.3855  3.2206
     86        0.5479  3.4761
     87        0.3837  3.5769
     88        0.3584  3.3771
     89        0.3832  3.3899
     90        0.3368  3.3975
     91        0.3313  3.7308
     92        0.3311  3.3164
     93        0.3349  3.6911
     94        0.3359  3.7384
     95        0.3894  3.8330
     96        0.3089  3.5374
     97        0.3102  4.3913
     98        0.4409  3.6239
     99        0.3323  4.2083
    100        0.3319  3.9132
    101        0.3046  3.4509
    102        0.3849  3.4440
    103        0.2994  3.2202
    104        0.3897  3.2158
    105        0.2594  3.3192
    106        0.2872  3.1635
    107        0.2867  4.4774
    108        0.2934  4.2584
    109        0.2546  3.6995
    110        0.3182  3.8313
    111        0.3771  3.7353
    112        0.3146  3.5001
    113        0.3269  3.7354
    114        0.2904  3.5650
    115        0.3308  4.7730
    116        0.3275  3.8960
    117        0.3116  5.1011
    118        0.3613  3.9688
    119        0.2781  3.9667
    120        0.2765  3.8042
    121        0.3439  3.9358
    122        0.3114  4.0505
    123        0.2524  3.8188
    124        0.2893  3.9033
    125        0.2874  4.1020
    126        0.2476  3.6709
    127        0.2520  3.8897
    128        0.2208  4.7278
    129        0.2272  4.2968
    130        0.3001  4.5777
    131        0.3658  4.8755
    132        0.2290  5.4311
    133        0.2563  4.2450
    134        0.2164  3.6624
    135        0.2345  4.1195
    136        0.3037  4.7130
    137        0.2722  4.4504
    138        0.2766  4.5507
    139        0.2373  4.4440
    140        0.2043  3.8133
    141        0.2687  3.8576
    142        0.2141  3.6743
    143        0.2651  3.4968
    144        0.2269  3.7746
    145        0.2090  3.6896
    146        0.2763  3.5057
    147        0.2593  3.6005
    148        0.2344  3.7716
    149        0.2123  3.5433
    150        0.2789  3.4620
    151        0.2308  3.7870
    152        0.2602  3.6357
    153        0.2948  3.5935
    154        0.2677  4.3662
    155        0.2197  4.2507
    156        0.2169  5.0967
    157        0.1954  5.0163
    158        0.2152  4.5165
    159        0.1830  4.5087
    160        0.2334  5.2596
    161        0.2403  4.3758
    162        0.2308  4.0932
    163        0.1938  4.2981
    164        0.2163  3.2173
    165        0.2671  3.4182
    166        0.2598  3.6278
    167        0.2669  3.2557
    168        0.1648  3.3973
    169        0.2629  3.2069
    170        0.2128  3.1430
    171        0.1867  3.1230
    172        0.2052  3.1285
    173        0.2350  3.1255
    174        0.2786  3.1207
    175        0.1428  3.1297
    176        0.2212  3.1210
    177        0.2532  3.1273
    178        0.1856  3.1402
    179        0.1535  3.1598
    180        0.1750  3.1177
    181        0.1525  3.1660
    182        0.1574  3.1601
    183        0.1950  3.1380
    184        0.1907  3.1412
    185        0.2285  3.1489
    186        0.1848  3.1379
    187        0.2004  3.1684
    188        0.1856  3.2050
    189        0.1595  3.2924
    190        0.1337  3.1321
    191        0.1544  3.1422
    192        0.2038  3.1348
    193        0.1699  3.1369
    194        0.1996  3.1307
    195        0.2038  3.1366
    196        0.1958  3.1256
    197        0.1549  3.1546
    198        0.2178  3.1501
    199        0.1227  3.1280
    200        0.1931  3.1438
    201        0.1549  3.1969
    202        0.1457  3.1255
    203        0.1363  3.1233
    204        0.2216  3.1395
    205        0.1559  3.1303
    206        0.1674  3.1351
    207        0.1732  3.1329
    208        0.1363  3.1807
    209        0.1822  3.2195
    210        0.1231  3.1291
    211        0.1783  3.1316
    212        0.2666  3.1255
    213        0.1403  3.1201
    214        0.1532  3.1563
    215        0.1192  3.1314
    216        0.1156  3.1691
    217        0.1561  3.1928
    218        0.1970  3.1276
    219        0.1930  3.1413
    220        0.1568  3.1758
    221        0.1565  3.1307
    222        0.1271  3.1360
    223        0.1613  3.1354
    224        0.1225  3.1438
    225        0.1420  3.1523
    226        0.1641  3.1351
    227        0.1327  3.1565
    228        0.1290  3.1353
    229        0.1754  3.1489
    230        0.2218  3.1575
    231        0.1442  3.1267
    232        0.1990  3.1388
    233        0.1892  3.2113
    234        0.1364  3.2030
    235        0.1211  3.1406
    236        0.1385  3.1480
    237        0.1184  3.1360
    238        0.1704  3.1394
    239        0.1297  3.1402
    240        0.1501  3.1309
    241        0.1343  3.1319
    242        0.1229  3.1216
    243        0.1498  3.1330
    244        0.1448  3.1354
    245        0.1369  3.1248
    246        0.1366  3.1476
    247        0.1118  3.1252
    248        0.1244  3.1325
    249        0.1595  3.1426
    250        0.1451  3.1281
    251        0.1579  3.1934
    252        0.1342  3.1382
    253        0.1621  3.1243
    254        0.1293  3.1395
    255        0.2465  3.1292
    256        0.1476  3.1500
    257        0.1816  3.1845
    258        0.1400  3.1283
    259        0.0948  3.1413
    260        0.1830  3.1384
    261        0.1762  3.1287
    262        0.1528  3.1358
    263        0.1003  3.1440
    264        0.1389  3.1371
    265        0.0921  3.1794
    266        0.1663  3.5872
    267        0.1206  3.4772
    268        0.1485  3.3813
    269        0.0899  3.2725
    270        0.0853  4.2752
    271        0.1098  5.4180
    272        0.1167  4.9540
    273        0.1543  4.6399
    274        0.1683  4.1631
    275        0.1180  3.2274
    276        0.1072  3.1667
    277        0.1170  3.2434
    278        0.1183  3.1821
    279        0.1275  3.1694
    280        0.1601  3.2260
    281        0.1079  3.1827
    282        0.1135  3.2353
    283        0.1249  3.1585
    284        0.1230  3.2456
    285        0.1424  3.2219
    286        0.1077  3.3766
    287        0.1151  3.9049
    288        0.1178  3.3924
    289        0.1465  3.3348
    290        0.1117  3.2989
    291        0.1212  3.5334
    292        0.0812  4.1823
    293        0.1009  3.7142
    294        0.0929  3.7819
    295        0.0765  3.3984
    296        0.0995  3.3834
    297        0.0994  3.2705
    298        0.1412  3.1590
    299        0.1111  3.1983
    300        0.1832  3.1294

========================================
 BASELINE (SOFTMAX) RESULTS
========================================
Total time         : 1053.98 seconds
Average time/epoch : 3.51 seconds
VRAM used (Mac)    : 57.68 MB
Numerical stability: STABLE (No NaN values)
Test accuracy: 0.6551724137931034